70 70 1000
2 0
3 1
4 2
5 3
6 0
7 1
8 2
9 3
10 0
11 1
12 2
13 3
14 0
15 1
16 2
17 3
18 0
19 1
20 2
21 3
22 0
23 1
24 2
25 3
26 0
27 1
28 2
29 3
30 0
31 1
32 2
33 3
34 0
35 1
36 2
37 3
38 0
39 1
40 2
41 3
42 0
43 1
44 2
45 3
46 0
47 1
2 0
3 1
4 2
5 3
6 0
48 2
49 3
50 0
51 1
52 2
53 3
54 0
55 1
56 2
57 3
58 0
59 1
60 2
61 3
62 0
63 1
64 2
65 3
66 0
67 1
68 2
69 3
2 0
3 1
4 2
5 3
6 0
7 1
8 2
9 3
10 0
11 1
12 2
13 3
14 0
15 1
16 2
17 3
18 0
19 1
20 2
21 3
22 0
23 1
24 2
25 3
26 0
27 1
28 2
29 3
30 0
31 1
32 2
33 3
34 0
35 1
36 2
37 3
38 0
39 1
40 2
41 3
42 0
43 1
44 2
45 3
46 0
47 1
48 2
49 3
50 0
51 1
52 2
53 3
54 0
55 1
56 2
57 3
58 0
59 1
60 2
61 3
62 0
63 1
64 2
65 3
66 0
67 1
68 2
69 3
2 0
3 1
4 2
5 3
6 0
7 1
8 2
9 3
10 0
11 1
12 2
13 3
14 0
15 1
16 2
17 3
18 0
19 1
20 2
21 3
22 0
23 1
24 2
25 3
26 0
27 1
28 2
29 3
30 0
31 1
32 2
33 3
34 0
35 1
36 2
37 3
38 0
39 1
40 2
41 3
42 0
43 1
44 2
45 3
46 0
47 1
48 2
49 3
50 0
51 1
52 2
53 3
54 0
55 1
56 2
57 3
58 0
59 1
60 2
61 3
62 0
63 1
64 2
65 3
66 0
67 1
68 2
69 3
2 0
3 1
4 2
5 3
6 0
7 1
8 2
9 3
10 0
11 1
12 2
13 3
14 0
15 1
16 2
17 3
18 0
19 1
20 2
21 3
22 0
23 1
24 2
25 3
26 0
27 1
28 2
29 3
30 0
31 1
32 2
33 3
34 0
35 1
36 2
37 3
38 0
39 1
40 2
41 3
42 0
43 1
44 2
45 3
46 0
47 1
48 2
49 3
50 0
51 1
52 2
53 3
54 0
55 1
56 2
57 3
58 0
59 1
60 2
61 3
62 0
63 1
64 2
65 3
66 0
67 1
68 2
69 3
2 0
3 1
4 2
5 3
6 0
7 1
8 2
9 3
10 0
11 1
12 2
13 3
14 0
15 1
16 2
17 3
18 0
19 1
20 2
21 3
22 0
23 1
24 2
25 3
26 0
27 1
28 2
29 3
30 0
31 1
32 2
33 3
34 0
35 1
36 2
37 3
38 0
39 1
40 2
41 3
42 0
43 1
44 2
45 3
46 0
47 1
48 2
49 3
50 0
51 1
52 2
53 3
54 0
55 1
56 2
57 3
58 0
59 1
60 2
61 3
62 0
63 1
64 2
65 3
66 0
67 1
68 2
69 3
2 0
3 1
4 2
5 3
6 0
7 1
8 2
9 3
10 0
11 1
12 2
13 3
14 0
15 1
16 2
17 3
18 0
19 1
20 2
21 3
22 0
23 1
24 2
25 3
26 0
27 1
28 2
29 3
30 0
31 1
32 2
33 3
34 0
35 1
36 2
37 3
38 0
39 1
40 2
41 3
42 0
43 1
44 2
45 3
46 0
47 1
48 2
49 3
50 0
51 1
52 2
53 3
54 0
55 1
56 2
57 3
58 0
59 1
60 2
61 3
62 0
63 1
64 2
65 3
66 0
67 1
68 2
69 3
2 0
3 1
4 2
5 3
6 0
7 1
8 2
9 3
10 0
11 1
12 2
13 3
14 0
15 1
16 2
17 3
18 0
19 1
20 2
21 3
22 0
23 1
24 2
25 3
26 0
27 1
28 2
29 3
30 0
31 1
32 2
33 3
34 0
35 1
36 2
37 3
38 0
39 1
40 2
41 3
42 0
43 1
44 2
45 3
46 0
47 1
48 2
49 3
50 0
51 1
52 2
53 3
54 0
55 1
56 2
57 3
58 0
59 1
60 2
61 3
62 0
63 1
64 2
65 3
66 0
67 1
68 2
69 3
2 0
3 1
4 2
5 3
6 0
7 1
8 2
9 3
10 0
11 1
12 2
13 3
14 0
15 1
16 2
17 3
18 0
19 1
20 2
21 3
22 0
23 1
24 2
25 3
26 0
27 1
28 2
29 3
30 0
31 1
32 2
33 3
34 0
35 1
36 2
37 3
38 0
39 1
40 2
41 3
42 0
43 1
44 2
45 3
46 0
47 1
48 2
49 3
50 0
51 1
52 2
53 3
54 0
55 1
56 2
57 3
58 0
59 1
60 2
61 3
62 0
63 1
64 2
65 3
66 0
67 1
68 2
69 3
2 0
3 1
4 2
5 3
6 0
7 1
8 2
9 3
10 0
11 1
12 2
13 3
14 0
15 1
16 2
17 3
18 0
19 1
20 2
21 3
22 0
23 1
24 2
25 3
26 0
27 1
28 2
29 3
30 0
31 1
32 2
33 3
34 0
35 1
36 2
37 3
38 0
39 1
40 2
41 3
42 0
43 1
44 2
45 3
46 0
47 1
48 2
49 3
50 0
51 1
52 2
53 3
54 0
55 1
56 2
57 3
58 0
59 1
60 2
61 3
62 0
63 1
64 2
65 3
66 0
67 1
68 2
69 3
2 0
3 1
4 2
5 3
6 0
7 1
8 2
9 3
10 0
11 1
12 2
13 3
14 0
15 1
16 2
17 3
18 0
19 1
20 2
21 3
22 0
23 1
24 2
25 3
26 0
27 1
28 2
29 3
30 0
31 1
32 2
33 3
2 0
3 1
30 0
31 1
34 0
35 1
36 2
37 3
38 0
39 1
40 2
41 3
42 0
43 1
44 2
45 3
46 0
47 1
48 2
49 3
50 0
51 1
52 2
53 3
54 0
55 1
56 2
57 3
58 0
59 1
60 2
61 3
62 0
63 1
64 2
65 3
66 0
67 1
68 2
69 3
2 0
3 1
4 2
5 3
6 0
7 1
8 2
9 3
10 0
11 1
12 2
13 3
14 0
15 1
18 0
19 1
20 2
21 3
22 0
23 1
24 2
25 3
26 0
27 1
28 2
29 3
30 0
31 1
32 2
33 3
34 0
35 1
36 2
37 3
38 0
39 1
40 2
41 3
42 0
43 1
44 2
45 3
46 0
47 1
48 2
49 3
50 0
51 1
52 2
53 3
54 0
55 1
56 2
57 3
58 0
59 1
60 2
61 3
62 0
63 1
64 2
65 3
64 2
65 3
66 0
67 1
68 2
69 3
2 0
3 1
4 2
5 3
6 0
7 1
8 2
9 3
10 0
11 1
12 2
13 3
14 0
15 1
16 2
17 3
18 0
19 1
20 2
21 3
22 0
23 1
24 2
25 3
26 0
27 1
28 2
29 3
30 0
31 1
32 2
33 3
34 0
35 1
36 2
37 3
38 0
39 1
40 2
41 3
42 0
43 1
44 2
45 3
46 0
47 1
50 0
51 1
52 2
53 3
54 0
55 1
56 2
57 3
58 0
59 1
60 2
61 3
62 0
63 1
64 2
65 3
66 0
67 1
68 2
69 3
2 0
3 1
4 2
5 3
6 0
7 1
8 2
9 3
10 0
11 1
12 2
13 3
14 0
15 1
16 2
17 3
18 0
19 1
20 2
21 3
22 0
23 1
24 2
25 3
26 0
27 1
19 1
20 2
21 3
22 0
28 2
29 3
30 0
31 1
32 2
33 3
34 0
35 1
36 2
37 3
38 0
39 1
40 2
41 3
42 0
43 1
44 2
45 3
46 0
47 1
48 2
49 3
50 0
51 1
52 2
53 3
54 0
55 1
56 2
57 3
58 0
59 1
60 2
61 3
62 0
63 1
64 2
65 3
66 0
67 1
68 2
69 3
2 0
3 1
4 2
5 3
6 0
7 1
8 2
9 3
12 2
13 3
14 0
15 1
16 2
17 3
18 0
19 1
20 2
21 3
22 0
23 1
24 2
25 3
26 0
27 1
28 2
29 3
30 0
31 1
32 2
33 3
34 0
35 1
36 2
37 3
38 0
39 1
40 2
41 3
42 0
43 1
44 2
45 3
46 0
47 1
48 2
49 3
50 0
51 1
52 2
53 3
54 0
55 1
56 2
57 3
58 0
59 1
60 2
61 3
62 0
63 1
64 2
65 3
66 0
67 1
68 2
69 3
2 0
3 1
4 2
5 3
6 0
7 1
8 2
9 3
10 0
11 1
12 2
13 3
14 0
15 1
16 2
17 3
18 0
19 1
20 2
21 3
22 0
23 1
24 2
25 3
26 0
27 1
28 2
29 3
30 0
31 1
32 2
33 3
34 0
35 1
36 2
37 3
38 0
39 1
40 2